Config File Name:,BasicControl
Config File Path:,TestingData\teighinConfig.json
Test Time:,2025-07-19 16-23-31
Time,PTN2OSupply,PTRun,PTPreInjector,PTN2Supply,LCRun,AVFill,AVRun,AVDump,AVN2Purge1,AVN2Purge2,AVRunVent
0.010849475860595703,24.59096908569336,7.807344198226929,-248.90320212580264,0.09635686874389648,29.97482602979868,0,0,1,1,1,1
0.03297710418701172,24.887144565582275,8.182525634765625,-248.90320212580264,0.09635686874389648,29.97482602979868,0,0,1,1,1,1
0.057039737701416016,24.235546588897705,7.925808429718018,-248.88345669023693,0.06871223449707031,29.994959765850496,0,0,1,1,1,1
0.08215737342834473,27.5132954120636,7.550656795501709,-248.90320212580264,0.07660984992980957,30.015093501902307,0,0,1,1,1,1
0.10752201080322266,25.222837924957275,7.827103137969971,-248.88345669023693,0.19903182983398438,29.97482602979868,0,0,1,1,1,1
0.13048624992370605,25.282055139541626,8.34047794342041,-248.90320212580264,0.07266402244567871,29.97482602979868,0,0,1,1,1,1
0.15390372276306152,24.689704179763794,7.767856121063232,-248.90320212580264,0.08450746536254883,30.03523020621832,0,0,1,1,1,1
0.17803502082824707,25.716453790664673,9.071052074432373,-248.88345669023693,0.08845925331115723,29.97482602979868,0,0,1,1,1,1
0.20357346534729004,27.157872915267944,8.379966020584106,-248.88345669023693,0.08845925331115723,29.97482602979868,0,0,1,1,1,1
0.2307131290435791,28.915226459503174,7.629632949829102,-248.90320212580264,0.08845925331115723,29.954689325482672,0,0,1,1,1,1
0.2560770511627197,24.946391582489014,7.609903812408447,-248.88345669023693,0.056868791580200195,30.095634382637954,0,0,1,1,1,1
0.28107285499572754,25.795459747314453,9.011805057525635,-248.88345669023693,0.09241104125976562,30.05536394227013,0,0,1,1,1,1
0.3055436611175537,26.42729878425598,6.1092376708984375,-248.90320212580264,0.14374852180480957,29.97482602979868,0,0,1,1,1,1
0.3304445743560791,25.69672465324402,8.715629577636719,-248.88345669023693,0.09241104125976562,29.97482602979868,0,0,1,1,1,1
0.35504722595214844,25.420278310775757,8.99207592010498,-248.88345669023693,0.09241104125976562,30.015093501902307,0,0,1,1,1,1
0.3806121349334717,26.17061138153076,8.222013711929321,-248.90320212580264,0.08450746536254883,29.954689325482672,0,0,1,1,1,1
0.40532445907592773,27.868717908859253,7.74809718132019,-248.88345669023693,0.07660984992980957,30.075497678321945,0,0,1,1,1,1
0.4303126335144043,24.86741542816162,7.629632949829102,-248.88345669023693,0.21483302116394043,29.97482602979868,0,0,1,1,1,1
0.45479416847229004,25.38079023361206,8.399724960327148,-248.88345669023693,0.06871223449707031,30.05536394227013,0,0,1,1,1,1
0.4817194938659668,26.210099458694458,7.550656795501709,-248.90320212580264,0.07660984992980957,30.03523020621832,0,0,1,1,1,1
0.5094075202941895,26.328563690185547,8.103519678115845,-248.88345669023693,0.08450746536254883,30.03523020621832,0,0,1,1,1,1
0.5415713787078857,27.296096086502075,7.530897855758667,-248.88345669023693,0.07660984992980957,29.994959765850496,0,0,1,1,1,1
0.5648226737976074,27.572542428970337,9.485721588134766,-248.88345669023693,0.09241104125976562,30.05536394227013,0,0,1,1,1,1
0.5886213779449463,24.235546588897705,9.268522262573242,-248.88345669023693,0.06871223449707031,30.015093501902307,0,0,1,1,1,1
0.6110398769378662,25.736212730407715,9.150028228759766,-248.88345669023693,0.08845925331115723,29.994959765850496,0,0,1,1,1,1
0.6351068019866943,25.400549173355103,8.123278617858887,-248.88345669023693,0.06871223449707031,29.97482602979868,0,0,1,1,1,1
0.6584103107452393,24.650216102600098,8.636653423309326,-248.88345669023693,0.08450746536254883,30.095634382637954,0,0,1,1,1,1
0.6801261901855469,26.328563690185547,7.3136985301971436,-248.90320212580264,0.08450746536254883,29.954689325482672,0,0,1,1,1,1
0.7045447826385498,25.854676961898804,8.004814386367798,-248.86371125467122,0.07266402244567871,29.994959765850496,0,0,1,1,1,1
0.7287487983703613,27.572542428970337,7.787615060806274,-248.90320212580264,0.09635686874389648,30.03523020621832,0,0,1,1,1,1
0.7540111541748047,25.420278310775757,8.439213037490845,-248.88345669023693,0.16744136810302734,30.015093501902307,0,0,1,1,1,1
0.7773253917694092,25.597989559173584,8.695900440216064,-248.86371125467122,0.07266402244567871,30.015093501902307,0,0,1,1,1,1
0.8012263774871826,24.373769760131836,7.807344198226929,-248.88345669023693,0.07660984992980957,30.03523020621832,0,0,1,1,1,1
0.8244035243988037,26.03238821029663,8.498430252075195,-248.88345669023693,0.18718838691711426,30.015093501902307,0,0,1,1,1,1
0.8492035865783691,24.6107280254364,11.440515518188477,-248.86371125467122,0.08056163787841797,29.97482602979868,0,0,1,1,1,1
0.8738002777099609,27.098655700683594,8.774876594543457,-248.88345669023693,0.08845925331115723,29.994959765850496,0,0,1,1,1,1
0.8984904289245605,25.97317099571228,7.530897855758667,-248.88345669023693,0.08450746536254883,29.994959765850496,0,0,1,1,1,1
0.922640323638916,25.49925446510315,8.715629577636719,-248.88345669023693,0.08845925331115723,30.11576811868977,0,0,1,1,1,1
0.9460697174072266,24.84765648841858,9.367227554321289,-248.88345669023693,0.06476640701293945,29.511729322757606,0,0,1,1,1,1
0.9716646671295166,27.315855026245117,7.116258144378662,-248.90320212580264,0.07660984992980957,30.075497678321945,0,0,1,1,1,1
0.9954516887664795,24.057835340499878,7.550656795501709,-248.88345669023693,0.06871223449707031,29.934555589430857,0,0,1,1,1,1
1.0187976360321045,26.6839861869812,8.300989866256714,-248.88345669023693,0.09241104125976562,30.015093501902307,0,0,1,1,1,1
1.0400516986846924,25.12410283088684,6.543636322021484,-248.88345669023693,0.08056163787841797,30.03523020621832,0,0,1,1,1,1
1.0635626316070557,25.12410283088684,8.08379054069519,-248.88345669023693,0.06871223449707031,29.954689325482672,0,0,1,1,1,1
1.092724323272705,26.48654580116272,7.195234298706055,-248.90320212580264,0.19508600234985352,30.015093501902307,1,0,1,1,1,1
1.116959810256958,26.86169743537903,8.439213037490845,-248.90320212580264,0.056868791580200195,30.075497678321945,1,0,1,1,1,1
1.139885663986206,27.236878871917725,7.0175230503082275,-248.88345669023693,0.08450746536254883,30.176172295109403,1,0,1,1,1,1
1.163012981414795,26.28907561302185,7.846832275390625,-248.88345669023693,0.09241104125976562,30.196306031161217,1,0,1,1,1,1
1.1886920928955078,26.447057723999023,9.841114282608032,-248.90320212580264,0.09241104125976562,30.075497678321945,1,0,1,1,1,1
1.213282585144043,26.308834552764893,7.886320352554321,-248.90320212580264,0.10030865669250488,30.03523020621832,1,0,1,1,1,1
1.2376987934112549,25.341302156448364,9.189516305923462,-248.88345669023693,0.06871223449707031,30.015093501902307,1,0,1,1,1,1
1.2608411312103271,27.296096086502075,7.787615060806274,-248.90320212580264,0.1358509063720703,30.03523020621832,1,0,1,1,1,1
1.2830545902252197,24.808168411254883,7.570415735244751,-248.90320212580264,0.08450746536254883,29.894288117327232,1,0,1,1,1,1
1.3082373142242432,25.77570080757141,9.525209665298462,-248.90320212580264,0.07660984992980957,30.05536394227013,1,0,1,1,1,1
1.3294939994812012,26.17061138153076,9.209275245666504,-248.88345669023693,0.08056163787841797,30.03523020621832,1,0,1,1,1,1
1.3526406288146973,26.09163522720337,7.827103137969971,-248.88345669023693,0.06871223449707031,30.015093501902307,1,0,1,1,1,1
1.3854670524597168,24.373769760131836,9.209275245666504,-248.88345669023693,0.1753389835357666,30.03523020621832,1,0,1,1,1,1
1.4096789360046387,25.597989559173584,8.182525634765625,-248.88345669023693,0.20298361778259277,30.075497678321945,1,0,1,1,1,1
1.4347710609436035,27.612030506134033,7.629632949829102,-248.88345669023693,0.08056163787841797,30.03523020621832,1,0,1,1,1,1
1.4596116542816162,24.92666244506836,6.227701902389526,-248.88345669023693,0.07660984992980957,30.03523020621832,1,0,1,1,1,1
1.4842908382415771,24.86741542816162,8.557677268981934,-248.88345669023693,0.07660984992980957,29.994959765850496,1,0,1,1,1,1
1.5087556838989258,27.177631855010986,8.577406406402588,-248.90320212580264,0.07266402244567871,30.015093501902307,1,0,1,1,1,1
1.536799430847168,25.874435901641846,9.229034185409546,-248.90320212580264,0.06476640701293945,29.934555589430857,1,1,1,1,1,1
1.5595285892486572,26.644498109817505,10.15704870223999,-248.90320212580264,0.08845925331115723,30.11576811868977,1,1,1,1,1,1
1.5845727920532227,25.1043438911438,8.162766695022583,-248.88345669023693,0.08845925331115723,29.954689325482672,1,1,1,1,1,1
1.609896183013916,25.597989559173584,7.234722375869751,-248.90320212580264,0.09241104125976562,30.13590185474158,1,1,1,1,1,1
1.6352064609527588,25.163590908050537,8.08379054069519,-248.90320212580264,0.08845925331115723,30.075497678321945,1,1,1,1,1,1
1.659541368484497,25.420278310775757,7.866591215133667,-248.90320212580264,0.06871223449707031,29.954689325482672,1,1,1,1,1,1
1.6842222213745117,26.980161666870117,10.058313608169556,-248.90320212580264,0.08056163787841797,30.075497678321945,1,1,1,1,1,1
1.7099575996398926,25.63747763633728,8.261501789093018,-248.90320212580264,0.06871223449707031,30.03523020621832,1,1,1,1,1,1
1.735447883605957,26.920944452285767,10.67042350769043,-248.88345669023693,0.08056163787841797,30.05536394227013,1,1,1,1,1,1
1.7653124332427979,26.447057723999023,9.465962648391724,-248.90320212580264,0.08845925331115723,29.914421853379046,1,1,1,1,1,1
1.788287878036499,26.920944452285767,8.537918329238892,-248.90320212580264,0.06871223449707031,29.994959765850496,1,1,1,1,1,1
1.8126137256622314,25.143861770629883,9.2487633228302,-248.90320212580264,0.07660984992980957,29.994959765850496,1,1,1,1,1,1
1.835108757019043,25.992900133132935,8.222013711929321,-248.90320212580264,0.04106760025024414,29.874151413011223,1,1,1,1,1,1
1.8590362071990967,24.492263793945312,9.386986494064331,-248.90320212580264,0.06476640701293945,30.015093501902307,1,1,1,1,1,1
1.8845670223236084,26.15085244178772,9.268522262573242,-248.90320212580264,0.08056163787841797,30.15603855905759,1,1,1,1,1,1
1.9087932109832764,25.597989559173584,8.379966020584106,-248.90320212580264,0.060814619064331055,30.015093501902307,1,1,1,1,1,1
1.9329838752746582,24.176329374313354,10.176807641983032,-248.90320212580264,0.06476640701293945,30.03523020621832,1,1,1,1,1,1
1.9587125778198242,25.95341205596924,7.74809718132019,-248.90320212580264,0.08845925331115723,30.11576811868977,1,1,1,1,1,1
1.9832055568695068,25.025367736816406,7.491409778594971,-248.90320212580264,0.08056163787841797,29.854017676959412,1,1,1,1,1,1
2.0061638355255127,26.15085244178772,5.062729120254517,-248.90320212580264,0.06871223449707031,29.954689325482672,1,1,1,1,1,1
2.0279269218444824,27.39483118057251,7.3532164096832275,-248.90320212580264,0.08450746536254883,29.874151413011223,1,1,1,1,1,1
2.052258253097534,27.5132954120636,7.807344198226929,-248.92294756136835,0.08056163787841797,30.095634382637954,1,1,1,1,1,1
2.077030897140503,26.328563690185547,7.965296506881714,-248.88345669023693,0.07660984992980957,30.095634382637954,1,1,1,1,1,1
2.1012792587280273,26.526033878326416,7.6493918895721436,-248.88345669023693,0.07266402244567871,29.994959765850496,1,1,1,1,1,1
2.1275479793548584,24.393528699874878,8.044302463531494,-248.90320212580264,0.08056163787841797,29.954689325482672,1,1,1,1,1,1
2.1497626304626465,24.19605851173401,8.676141500473022,-248.88345669023693,0.04897117614746094,29.934555589430857,1,1,1,1,1,1
2.1730761528015137,27.39483118057251,9.386986494064331,-248.88345669023693,0.08845925331115723,29.874151413011223,1,1,1,1,1,1
2.1956026554107666,23.386508226394653,6.8398118019104,-248.90320212580264,0.0529170036315918,30.11576811868977,1,1,1,1,1,1
2.219590187072754,24.038106203079224,9.209275245666504,-248.88345669023693,0.08056163787841797,29.954689325482672,1,1,1,1,1,1
2.2417523860931396,25.4400372505188,6.7015886306762695,-248.90320212580264,0.08450746536254883,30.015093501902307,1,1,1,1,1,1
2.2647342681884766,25.32157301902771,6.44490122795105,-248.90320212580264,0.08845925331115723,30.075497678321945,1,1,1,1,1,1
2.2859761714935303,25.617748498916626,8.952587842941284,-248.88345669023693,0.08056163787841797,30.075497678321945,1,1,1,1,1,1
2.3063721656799316,25.854676961898804,8.972316980361938,-248.88345669023693,0.06476640701293945,30.05536394227013,1,1,1,1,1,1
2.32548451423645,26.052147150039673,7.985055446624756,-248.90320212580264,0.10425448417663574,30.015093501902307,1,1,1,1,1,1
2.3443496227264404,25.32157301902771,8.123278617858887,-248.88345669023693,0.10425448417663574,29.934555589430857,1,1,1,1,1,1
2.3681516647338867,24.53175187110901,7.669121026992798,-248.90320212580264,0.10030865669250488,30.075497678321945,1,1,1,1,1,1
2.3917009830474854,24.906903505325317,9.051322937011719,-248.88345669023693,0.06871223449707031,30.13590185474158,1,1,1,1,1,1
2.4162685871124268,24.511992931365967,7.6493918895721436,-248.90320212580264,0.08845925331115723,30.03523020621832,1,1,1,1,1,1
2.4408986568450928,27.13814377784729,8.004814386367798,-248.90320212580264,0.13979673385620117,29.773479764487963,1,1,1,1,1,1
2.4654579162597656,24.808168411254883,6.504148244857788,-248.90320212580264,0.07660984992980957,29.954689325482672,1,1,1,1,1,1
2.4897658824920654,24.294793605804443,8.143007755279541,-248.90320212580264,0.06871223449707031,29.994959765850496,1,1,1,1,1,1
2.514190673828125,26.644498109817505,9.209275245666504,-248.90320212580264,0.07660984992980957,30.176172295109403,1,1,1,1,1,1
2.5420303344726562,24.86741542816162,6.938546895980835,-248.88345669023693,0.08450746536254883,29.994959765850496,0,1,1,1,1,1
2.5651915073394775,26.328563690185547,8.281230926513672,-248.88345669023693,0.09241104125976562,30.095634382637954,0,1,1,1,1,1
2.587954521179199,26.86169743537903,7.728368043899536,-248.86371125467122,0.08056163787841797,30.05536394227013,0,1,1,1,1,1
2.610412836074829,26.249587535858154,10.453224182128906,-248.88345669023693,0.09241104125976562,29.854017676959412,0,1,1,1,1,1
2.634579658508301,25.83494782447815,8.439213037490845,-248.88345669023693,0.22667646408081055,30.03523020621832,0,1,1,1,1,1
2.658047676086426,25.597989559173584,8.439213037490845,-248.88345669023693,0.09635686874389648,29.914421853379046,0,1,1,1,1,1
2.6828036308288574,25.992900133132935,8.478701114654541,-248.88345669023693,0.112152099609375,30.13590185474158,0,1,1,1,1,1
2.70715069770813,25.084614753723145,6.030261516571045,-248.88345669023693,0.06871223449707031,29.97482602979868,0,1,1,1,1,1
2.7313079833984375,25.558501482009888,7.886320352554321,-248.90320212580264,0.08845925331115723,30.176172295109403,0,1,1,1,1,1
2.7551991939544678,25.57826042175293,9.11054015159607,-248.88345669023693,0.06476640701293945,30.13590185474158,0,1,0,1,1,1
2.775683879852295,25.854676961898804,9.090811014175415,-248.88345669023693,0.08450746536254883,30.05536394227013,0,1,0,1,1,1
2.797442674636841,27.118384838104248,9.90036129951477,-248.90320212580264,0.08056163787841797,29.994959765850496,0,1,0,1,1,1
2.8217051029205322,25.716453790664673,9.189516305923462,-248.90320212580264,0.07660984992980957,30.075497678321945,0,1,0,1,1,1
2.845933437347412,28.24389934539795,8.182525634765625,-248.88345669023693,0.08056163787841797,30.03523020621832,0,1,0,1,1,1
2.870062828063965,25.617748498916626,8.103519678115845,-248.88345669023693,0.09635686874389648,30.05536394227013,0,1,0,1,1,1
2.8942127227783203,25.400549173355103,8.755117654800415,-248.90320212580264,0.08845925331115723,29.934555589430857,0,1,0,1,1,1
2.9199132919311523,26.2298583984375,7.293969392776489,-248.90320212580264,0.08056163787841797,30.015093501902307,0,1,0,1,1,1
2.9441237449645996,25.57826042175293,7.372945547103882,-248.88345669023693,0.07660984992980957,29.994959765850496,0,1,0,1,1,1
2.967625856399536,24.136841297149658,7.234722375869751,-248.90320212580264,0.23062825202941895,30.03523020621832,0,1,0,1,1,1
2.991330623626709,24.650216102600098,7.136017084121704,-248.88345669023693,0.060814619064331055,29.994959765850496,0,1,0,1,1,1
3.0185954570770264,26.249587535858154,9.189516305923462,-248.88345669023693,0.09241104125976562,30.05536394227013,0,0,0,1,1,1
3.041480779647827,25.69672465324402,9.386986494064331,-248.88345669023693,0.179290771484375,29.97482602979868,0,0,0,1,1,1
3.06396222114563,25.064855813980103,7.866591215133667,-248.90320212580264,0.08056163787841797,30.015093501902307,0,0,0,1,1,1
3.085763931274414,25.163590908050537,8.103519678115845,-248.88345669023693,0.10030865669250488,29.97482602979868,0,0,0,1,1,1
3.1080875396728516,24.45274591445923,9.979337453842163,-248.86371125467122,0.06476640701293945,29.894288117327232,0,0,0,1,1,1
3.131211519241333,25.597989559173584,7.767856121063232,-248.90320212580264,0.06871223449707031,29.994959765850496,0,0,0,1,1,1
3.1571192741394043,26.841968297958374,8.834123611450195,-248.90320212580264,0.06871223449707031,30.13590185474158,0,0,0,1,1,1
3.181077003479004,26.54576301574707,8.972316980361938,-248.90320212580264,0.09241104125976562,30.015093501902307,0,0,0,1,1,1
3.2047502994537354,27.118384838104248,8.379966020584106,-248.88345669023693,0.08056163787841797,30.05536394227013,0,0,0,1,1,1
3.2326738834381104,25.18334984779358,8.458942174911499,-248.90320212580264,0.08845925331115723,29.81374723659159,0,0,0,0,1,1
3.2561593055725098,25.815188884735107,9.130299091339111,-248.90320212580264,0.07266402244567871,29.954689325482672,0,0,0,0,1,1
3.279344320297241,23.524731397628784,7.74809718132019,-248.90320212580264,0.08056163787841797,29.97482602979868,0,0,0,0,1,1
3.3016936779022217,24.768680334091187,8.59716534614563,-248.88345669023693,0.07266402244567871,30.13590185474158,0,0,0,0,1,1
3.324803113937378,25.657236576080322,8.518189191818237,-248.90320212580264,0.09635686874389648,30.21643976721303,0,0,0,0,1,1
3.3469886779785156,24.946391582489014,8.004814386367798,-248.90320212580264,0.07660984992980957,29.97482602979868,0,0,0,0,1,1
3.370776653289795,27.947694063186646,9.308010339736938,-248.90320212580264,0.08450746536254883,30.095634382637954,0,0,0,0,1,1
3.394956111907959,27.039408683776855,8.241742849349976,-248.88345669023693,0.08845925331115723,29.97482602979868,0,0,0,0,1,1
3.418461799621582,25.51901340484619,8.794605731964111,-248.88345669023693,0.07660984992980957,30.03523020621832,0,0,0,0,1,1
3.4417786598205566,26.269346475601196,7.570415735244751,-248.90320212580264,0.19113421440124512,30.075497678321945,0,0,0,0,1,1
3.4668259620666504,24.07759428024292,9.031563997268677,-248.90320212580264,0.07266402244567871,29.894288117327232,0,0,0,0,1,1
3.4905035495758057,25.479525327682495,8.972316980361938,-248.88345669023693,0.09635686874389648,30.11576811868977,0,0,0,0,1,1
3.5134267807006836,25.815188884735107,9.031563997268677,-248.90320212580264,0.060814619064331055,29.97482602979868,0,0,0,0,1,1
3.5356285572052,25.913923978805542,7.09649920463562,-248.90320212580264,0.07660984992980957,29.793613500539774,0,0,0,0,1,1
3.5578513145446777,25.400549173355103,7.511168718338013,-248.90320212580264,0.10030865669250488,30.13590185474158,0,0,0,0,1,1
3.5815176963806152,25.933653116226196,8.478701114654541,-248.90320212580264,0.07266402244567871,29.97482602979868,0,0,0,0,1,1
3.6055374145507812,25.617748498916626,7.530897855758667,-248.88345669023693,0.06476640701293945,30.075497678321945,0,0,0,0,1,1
3.627840518951416,26.387810707092285,9.169787168502808,-248.90320212580264,0.08056163787841797,30.095634382637954,0,0,0,0,1,1
3.650085687637329,25.005638599395752,6.622612476348877,-248.90320212580264,0.09241104125976562,29.994959765850496,0,0,0,0,1,1
3.67343807220459,24.373769760131836,9.011805057525635,-248.90320212580264,0.08450746536254883,29.97482602979868,0,0,0,0,1,1
3.697725534439087,26.210099458694458,8.616924285888672,-248.90320212580264,0.07266402244567871,29.833883940907597,0,0,0,0,1,1
3.722015380859375,25.064855813980103,8.73538851737976,-248.90320212580264,0.08450746536254883,29.97482602979868,0,0,0,0,1,1
3.746335744857788,25.163590908050537,9.308010339736938,-248.90320212580264,0.10820627212524414,30.015093501902307,0,0,0,0,1,1
3.771683931350708,24.650216102600098,8.676141500473022,-248.90320212580264,0.1161038875579834,30.015093501902307,0,0,0,0,1,1
3.796370506286621,25.203078985214233,11.26280426979065,-248.90320212580264,0.06871223449707031,29.97482602979868,0,0,0,0,1,1
3.8202357292175293,27.25660800933838,7.985055446624756,-248.90320212580264,0.06476640701293945,29.894288117327232,0,0,0,0,1,1
3.842749834060669,25.8941650390625,8.537918329238892,-248.90320212580264,0.060814619064331055,29.934555589430857,0,0,0,0,1,1
3.8713884353637695,24.72919225692749,8.08379054069519,-248.90320212580264,0.07266402244567871,30.11576811868977,0,0,0,0,0,1
3.893152952194214,26.506274938583374,8.360207080841064,-248.90320212580264,0.07266402244567871,30.13590185474158,0,0,0,0,0,1
3.9154820442199707,25.04512667655945,9.386986494064331,-248.90320212580264,0.06476640701293945,30.05536394227013,0,0,0,0,0,1
3.939218521118164,23.662954568862915,10.078072547912598,-248.90320212580264,0.056868791580200195,29.934555589430857,0,0,0,0,0,1
3.9616308212280273,26.565521955490112,8.123278617858887,-248.88345669023693,0.07266402244567871,30.11576811868977,0,0,0,0,0,1
3.985588550567627,25.854676961898804,6.7213475704193115,-248.90320212580264,0.07266402244567871,29.994959765850496,0,0,0,0,0,1
4.009164810180664,26.822209358215332,7.412433624267578,-248.90320212580264,0.060814619064331055,30.095634382637954,0,0,0,0,0,1
4.0334858894348145,26.585280895233154,9.525209665298462,-248.90320212580264,0.06871223449707031,30.05536394227013,0,0,0,0,0,1
4.058228254318237,25.4400372505188,7.3334574699401855,-248.90320212580264,0.07266402244567871,30.03523020621832,0,0,0,0,0,1
4.083296298980713,24.038106203079224,8.834123611450195,-248.88345669023693,0.07660984992980957,30.05536394227013,0,0,0,0,0,1
4.108513116836548,26.15085244178772,8.99207592010498,-248.88345669023693,0.08450746536254883,29.914421853379046,0,0,0,0,0,1
4.131094932556152,27.454078197479248,7.985055446624756,-248.90320212580264,0.0529170036315918,29.97482602979868,0,0,0,0,0,1
4.154078960418701,27.19739079475403,7.807344198226929,-248.88345669023693,0.08056163787841797,29.894288117327232,0,0,0,0,0,1
4.1773505210876465,24.235546588897705,11.00611686706543,-248.90320212580264,0.08056163787841797,30.075497678321945,0,0,0,0,0,1
4.199889183044434,25.83494782447815,10.176807641983032,-248.90320212580264,0.060814619064331055,29.894288117327232,0,0,0,0,0,1
4.224154472351074,26.111364364624023,6.7411065101623535,-248.90320212580264,0.07266402244567871,30.095634382637954,0,0,0,0,0,1
4.248906373977661,25.597989559173584,8.320719003677368,-248.90320212580264,0.13979673385620117,30.015093501902307,0,0,0,0,0,1
4.27409553527832,25.49925446510315,8.952587842941284,-248.92294756136835,0.056868791580200195,30.196306031161217,0,0,0,0,0,1
4.300113201141357,24.887144565582275,7.807344198226929,-248.90320212580264,0.08056163787841797,29.874151413011223,0,0,0,0,0,1
4.323710680007935,24.314552545547485,9.130299091339111,-248.88345669023693,0.06476640701293945,30.05536394227013,0,0,0,0,0,1
4.348154306411743,27.493566274642944,9.544938802719116,-248.90320212580264,0.04897117614746094,30.03523020621832,0,0,0,0,0,1
4.371278285980225,24.887144565582275,8.557677268981934,-248.90320212580264,0.08450746536254883,29.934555589430857,0,0,0,0,0,1
4.395362138748169,25.51901340484619,9.406715631484985,-248.90320212580264,0.056868791580200195,29.934555589430857,0,0,0,0,0,1
4.418800115585327,24.630457162857056,8.064031600952148,-248.90320212580264,0.07266402244567871,29.994959765850496,0,0,0,0,0,1
4.442530155181885,25.49925446510315,7.274210453033447,-248.90320212580264,0.060814619064331055,30.05536394227013,0,0,0,0,0,1
4.4666008949279785,27.375072240829468,8.399724960327148,-248.90320212580264,0.04897117614746094,30.03523020621832,0,0,0,0,0,1
4.490157842636108,27.750253677368164,8.577406406402588,-248.88345669023693,0.08450746536254883,30.075497678321945,0,0,0,0,0,1
4.515537261962891,25.301814079284668,7.471680641174316,-248.90320212580264,0.06476640701293945,30.11576811868977,0,0,0,0,0,1
4.5399696826934814,24.551481008529663,9.841114282608032,-248.90320212580264,0.060814619064331055,30.05536394227013,0,0,0,0,0,1
4.564939498901367,25.8941650390625,7.491409778594971,-248.90320212580264,0.06871223449707031,29.97482602979868,0,0,0,0,0,1
4.588829517364502,25.24256706237793,8.34047794342041,-248.88345669023693,0.060814619064331055,30.03523020621832,0,0,0,0,0,1
4.612056255340576,25.025367736816406,10.196536779403687,-248.90320212580264,0.056868791580200195,30.15603855905759,0,0,0,0,0,1
4.6337196826934814,25.203078985214233,9.347498416900635,-248.90320212580264,0.060814619064331055,30.075497678321945,0,0,0,0,0,1
4.655767917633057,25.874435901641846,7.1755051612854,-248.90320212580264,0.07266402244567871,30.015093501902307,0,0,0,0,0,1
4.6787450313568115,26.447057723999023,8.34047794342041,-248.86371125467122,0.07266402244567871,30.03523020621832,0,0,0,0,0,1
4.702364444732666,25.361061096191406,9.999096393585205,-248.88345669023693,0.07266402244567871,30.015093501902307,0,0,0,0,0,1
4.725964069366455,24.946391582489014,7.767856121063232,-248.90320212580264,0.0529170036315918,30.075497678321945,0,0,0,0,0,1
4.751577854156494,24.038106203079224,8.932828903198242,-248.90320212580264,0.056868791580200195,29.894288117327232,0,0,0,0,0,1
4.775127649307251,25.38079023361206,9.090811014175415,-248.90320212580264,0.060814619064331055,30.095634382637954,0,0,0,0,0,1
4.7992942333221436,26.328563690185547,7.74809718132019,-248.88345669023693,0.08056163787841797,29.97482602979868,0,0,0,0,0,1
4.821234941482544,25.203078985214233,9.051322937011719,-248.90320212580264,0.08450746536254883,29.97482602979868,0,0,0,0,0,1
4.842552423477173,25.084614753723145,8.498430252075195,-248.90320212580264,0.20692944526672363,29.954689325482672,0,0,0,0,0,1
4.865635633468628,25.95341205596924,10.176807641983032,-248.88345669023693,0.08056163787841797,30.05536394227013,0,0,0,0,0,1
4.889991998672485,26.210099458694458,8.024543523788452,-248.90320212580264,0.07266402244567871,30.11576811868977,0,0,0,0,0,1
4.915350675582886,23.524731397628784,8.143007755279541,-248.92294756136835,0.06871223449707031,30.05536394227013,0,0,0,0,0,1
4.939609527587891,23.840636014938354,7.925808429718018,-248.90320212580264,0.07660984992980957,30.15603855905759,0,0,0,0,0,1
4.9638991355896,24.59096908569336,8.59716534614563,-248.90320212580264,0.06871223449707031,29.531863058809417,0,0,0,0,0,1
4.988438129425049,26.071876287460327,7.985055446624756,-248.90320212580264,0.07660984992980957,30.05536394227013,0,0,0,0,0,1
5.0130791664123535,24.748951196670532,8.557677268981934,-248.90320212580264,0.06871223449707031,30.276843943632663,0,0,0,0,0,1
5.037873983383179,24.551481008529663,8.952587842941284,-248.94269299693406,0.07266402244567871,29.97482602979868,0,0,0,0,0,1
5.06266975402832,25.143861770629883,7.471680641174316,-248.90320212580264,0.19903182983398438,29.994959765850496,0,0,0,0,0,1
5.087595701217651,24.33428168296814,8.616924285888672,-248.90320212580264,0.12400150299072266,30.05536394227013,0,0,0,0,0,1
5.112988710403442,26.17061138153076,10.038584470748901,-248.90320212580264,0.060814619064331055,30.03523020621832,0,0,0,0,0,1
5.137545824050903,26.762962341308594,7.155746221542358,-248.90320212580264,0.08056163787841797,30.15603855905759,0,0,0,0,0,1
5.16303825378418,25.084614753723145,6.800323724746704,-248.90320212580264,0.07266402244567871,30.196306031161217,0,0,0,0,0,1
5.187295436859131,25.992900133132935,7.1755051612854,-248.88345669023693,0.07266402244567871,30.11576811868977,0,0,0,0,0,1
5.209944248199463,25.222837924957275,6.662100553512573,-248.90320212580264,0.06871223449707031,30.03523020621832,0,0,0,0,0,1
5.233173131942749,24.78843927383423,7.827103137969971,-248.90320212580264,0.09241104125976562,30.03523020621832,0,0,0,0,0,1
5.257763147354126,24.117082357406616,8.162766695022583,-248.88345669023693,0.07266402244567871,30.095634382637954,0,0,0,0,0,1
5.282605171203613,25.933653116226196,9.485721588134766,-248.90320212580264,0.056868791580200195,29.954689325482672,0,0,0,0,0,1
5.3084557056427,26.17061138153076,8.458942174911499,-248.88345669023693,0.060814619064331055,30.236576471529037,0,0,0,0,0,1
5.331806182861328,24.709463119506836,8.636653423309326,-248.92294756136835,0.0529170036315918,30.03523020621832,0,0,0,0,0,1
5.3552327156066895,26.762962341308594,8.458942174911499,-248.92294756136835,0.056868791580200195,30.05536394227013,0,0,0,0,0,1
5.3796916007995605,26.62476897239685,9.939849376678467,-248.92294756136835,0.060814619064331055,30.015093501902307,0,0,0,0,0,1
5.404541254043579,25.203078985214233,9.051322937011719,-248.90320212580264,0.07266402244567871,29.97482602979868,0,0,0,0,0,1
5.4291908740997314,24.906903505325317,8.99207592010498,-248.90320212580264,0.06476640701293945,30.015093501902307,0,0,0,0,0,1
5.453068971633911,27.236878871917725,9.406715631484985,-248.90320212580264,0.08845925331115723,30.075497678321945,0,0,0,0,0,1
5.477240562438965,25.18334984779358,8.281230926513672,-248.90320212580264,0.08056163787841797,30.075497678321945,0,0,0,0,0,1
5.501662254333496,26.60501003265381,7.195234298706055,-248.90320212580264,0.07660984992980957,30.03523020621832,0,0,0,0,0,1
5.5261149406433105,26.42729878425598,9.2487633228302,-248.90320212580264,0.18323659896850586,29.914421853379046,0,0,0,0,0,1
5.551891088485718,25.538772344589233,9.011805057525635,-248.90320212580264,0.08056163787841797,29.994959765850496,0,0,0,0,0,1
5.574477672576904,25.755971670150757,8.913099765777588,-248.90320212580264,0.056868791580200195,29.934555589430857,0,0,0,0,0,1
5.5972900390625,25.459766387939453,8.755117654800415,-248.90320212580264,0.08450746536254883,29.874151413011223,0,0,0,0,0,1
5.61931848526001,26.308834552764893,7.530897855758667,-248.90320212580264,0.07266402244567871,30.05536394227013,0,0,0,0,0,1
5.644166946411133,25.459766387939453,7.807344198226929,-248.92294756136835,0.060814619064331055,30.095634382637954,0,0,0,0,0,1
5.669036149978638,25.95341205596924,7.590144872665405,-248.90320212580264,0.07266402244567871,30.015093501902307,0,0,0,0,0,1
5.693381309509277,24.768680334091187,10.038584470748901,-248.88345669023693,0.06476640701293945,29.81374723659159,0,0,0,0,0,1
5.71865701675415,24.19605851173401,8.300989866256714,-248.90320212580264,0.08056163787841797,29.994959765850496,0,0,0,0,0,1
5.743020057678223,24.887144565582275,8.932828903198242,-248.90320212580264,0.056868791580200195,29.833883940907597,0,0,0,0,0,1
5.768502473831177,27.118384838104248,8.300989866256714,-248.90320212580264,0.08845925331115723,29.994959765850496,0,0,0,0,0,1
5.793586730957031,26.052147150039673,8.222013711929321,-248.90320212580264,0.19903182983398438,30.13590185474158,0,0,0,0,0,1
5.816634178161621,25.51901340484619,7.195234298706055,-248.90320212580264,0.08056163787841797,30.176172295109403,0,0,0,0,0,1
5.839098930358887,26.42729878425598,8.695900440216064,-248.92294756136835,0.08056163787841797,30.03523020621832,0,0,0,0,0,1
5.861800193786621,25.558501482009888,9.564697742462158,-248.90320212580264,0.0529170036315918,29.934555589430857,0,0,0,0,0,1
5.8858606815338135,27.53305435180664,9.11054015159607,-248.88345669023693,0.06871223449707031,30.075497678321945,0,0,0,0,0,1
5.9107584953308105,26.664257049560547,8.379966020584106,-248.90320212580264,0.07266402244567871,29.894288117327232,0,0,0,0,0,1
5.935589075088501,25.795459747314453,8.85385274887085,-248.90320212580264,0.08845925331115723,29.934555589430857,0,0,0,0,0,1
5.9597601890563965,24.650216102600098,8.85385274887085,-248.90320212580264,0.08450746536254883,29.934555589430857,0,0,0,0,0,1
5.9856367111206055,26.802480220794678,9.189516305923462,-248.90320212580264,0.08845925331115723,29.994959765850496,0,0,0,0,0,1
6.011057615280151,25.992900133132935,8.458942174911499,-248.92294756136835,0.056868791580200195,29.934555589430857,0,0,0,0,0,1
6.0352771282196045,26.48654580116272,8.478701114654541,-248.90320212580264,0.09241104125976562,29.934555589430857,0,0,0,0,0,1
6.058387994766235,27.039408683776855,8.99207592010498,-248.90320212580264,0.08450746536254883,29.97482602979868,0,0,0,0,0,1
6.079545974731445,26.09163522720337,7.669121026992798,-248.90320212580264,0.1753389835357666,30.05536394227013,0,0,0,0,0,1
6.100892782211304,25.657236576080322,8.814364671707153,-248.90320212580264,0.06871223449707031,30.015093501902307,0,0,0,0,0,1
6.12291955947876,25.77570080757141,7.669121026992798,-248.90320212580264,0.060814619064331055,29.81374723659159,0,0,0,0,0,1
6.143937110900879,24.808168411254883,7.965296506881714,-248.90320212580264,0.07266402244567871,29.97482602979868,0,0,0,0,0,1
6.1665027141571045,26.012659072875977,8.577406406402588,-248.90320212580264,0.07660984992980957,30.095634382637954,0,0,0,0,0,1
6.1887736320495605,24.709463119506836,7.0175230503082275,-248.92294756136835,0.08056163787841797,29.994959765850496,0,0,0,0,0,1
6.210147142410278,24.966150522232056,9.071052074432373,-248.90320212580264,0.06871223449707031,30.176172295109403,0,0,0,0,0,1
6.23448371887207,25.49925446510315,7.728368043899536,-248.88345669023693,0.21483302116394043,30.05536394227013,0,0,0,0,0,1
